1086
0.550000 0.150000   90.000000 0.100000    6  6  6
0.505803 0.197961  132.660828 0.100000    6 22 22
0.522229 0.113415  -79.005636 0.100000    6  6  6
0.457071 0.157701  145.797304 0.100000    6 11 11
0.395877 0.173921  165.155004 0.100000    2  2  2
0.387253 0.294557   94.088867 0.100000    2  1  1
0.338515 0.417064  111.694359 0.100000    2  1  1
0.269288 0.501929  129.205234 0.100000    2  2  2
0.291959 0.599613   76.934313 0.100000    2  2  2
0.298954 0.715562   86.547425 0.100000    2  2  2
0.320405 0.835530   79.862176 0.100000    2  2  2
0.326547 0.944722   86.780925 0.100000   14 14 14
0.550000 0.150000   90.000000 0.100000    6  7  7
0.534460 0.207667  105.081924 0.100000    6  0  0
0.446703 0.311096  130.313576 0.100000    6  6  6
0.383434 0.352705  146.669039 0.100000    2  8  8
0.431609 0.406510   48.159602 0.100000    6  6  6
0.385166 0.435566  147.969379 0.100000    2 14 14
0.462372 0.419555  -11.715562 0.100000    6  6  6
0.393918 0.494539  132.393611 0.100000    2  2  2
0.550000 0.150000   90.000000 0.100000    6  6  6
0.516734 0.180782  137.221233 0.100000    6  6  6
0.448853 0.226209  146.208715 0.100000    6  6  6
0.384515 0.293822  133.578498 0.100000    2  2  2
0.367137 0.383251  100.996491 0.100000    2  2  2
0.352227 0.482722   98.525197 0.100000    2  4  4
0.428917 0.567358   47.819866 0.100000   14 14 14
0.548518 0.547286   -9.526709 0.100000   14 19 19
0.668302 0.492457  -24.595049 0.100000    6 15 15
0.586588 0.419525 -138.250001 0.100000    6  6  6
0.550000 0.150000   90.000000 0.100000    6  6  6
0.512082 0.193853  130.848703 0.100000    6  6  6
0.461026 0.220990  152.008664 0.100000    6 11 11
0.426123 0.232671  161.495692 0.100000    6  0  0
0.311128 0.322381  142.041311 0.100000    2  7  7
0.325700 0.378898   75.541853 0.100000    2  2  2
0.336693 0.469587   83.088751 0.100000    2  2  2
0.350501 0.572569   82.363392 0.100000    2  8  8
0.416975 0.634722   43.075742 0.100000    2  2 12
0.416975 0.634722   43.075742 0.100000    2 22 22
0.402679 0.556491 -100.356292 0.100000   14 14 14
0.497049 0.547981   -5.152530 0.100000   14  9  9
0.603521 0.580032   16.752868 0.100000   14 14 14
0.687133 0.599524   13.122519 0.100000   14 14 12
0.550000 0.150000   90.000000 0.100000    6 12 12
0.570848 0.135989  -33.904718 0.100000    6  7  7
0.551820 0.162663  125.500221 0.100000    6  6  6
0.517557 0.214110  123.663709 0.100000    6  6  6
0.445141 0.242328  158.710736 0.100000    6  6  6
0.393419 0.267502  154.047291 0.100000    2  3  3
0.441101 0.364032   63.712153 0.100000    6  6  6
0.368238 0.431373  137.255623 0.100000    2  2  2
0.377234 0.516047   83.935276 0.100000    2  3 12
0.377234 0.516047   83.935276 0.100000    2  1  1
0.339377 0.615540  110.832085 0.100000    2  2  2
0.550000 0.150000   90.000000 0.100000    6  6  6
0.487624 0.196422  143.342095 0.100000    6 11 11
0.444409 0.188769 -169.956866 0.100000    6  7  7
0.452494 0.258552   83.391134 0.100000    6  1  1
0.409971 0.347971  115.433155 0.100000    6  6  6
0.348450 0.418580  131.065635 0.100000    2  1  1
0.302325 0.542624  110.397214 0.100000    2 13 13
0.366524 0.540831   -1.599381 0.100000    2  3  3
0.434251 0.619608   49.313093 0.100000    2  2 12
0.434251 0.619608   49.313093 0.100000    2  1 12
0.434251 0.619608   49.313093 0.100000    2  1 12
0.434251 0.619608   49.313093 0.100000    2  2 12
0.550000 0.150000   90.000000 0.100000    6 12 12
0.555722 0.134264  -70.018556 0.100000    6  0  0
0.446907 0.241053  135.538151 0.100000    6  2  2
0.430503 0.321461  101.531239 0.100000    6  6  6
0.388264 0.378852  126.352052 0.100000    2  2  2
0.368318 0.498987   99.426931 0.100000    2  3  3
0.427673 0.599035   59.320638 0.100000   14 13 13
0.475439 0.591499   -8.965153 0.100000   14 13 13
0.518963 0.584925   -8.589026 0.100000   14 14 12
0.518963 0.584925   -8.589026 0.100000   14 19 19
0.633682 0.531570  -24.942890 0.100000   14 14 14
0.745899 0.551397   10.019790 0.100000    2  6 12
0.745899 0.551397   10.019790 0.100000    2  2  2
0.757556 0.662333   84.001726 0.100000    2  2  2
0.550000 0.150000   90.000000 0.100000    6  2  2
0.543634 0.239576   94.064810 0.100000    6  6  6
0.506013 0.271681  139.524082 0.100000    6 18 18
0.533226 0.243900  -45.590773 0.100000    6  6  6
0.497195 0.288908  128.679284 0.100000    6 24 24
0.578096 0.197673  -48.435348 0.100000    6  6  6
0.539289 0.255037  124.079042 0.100000    6  1  1
0.494746 0.357544  113.486577 0.100000    6  6  6
0.444205 0.398146  141.223967 0.100000    6  8  8
0.550000 0.150000   90.000000 0.100000    6  6  6
0.476071 0.184170  155.193977 0.100000    6  1  1
0.433518 0.293588  111.250926 0.100000    6 16 16
0.404769 0.238315 -117.479892 0.100000    6 12 12
0.414002 0.259761   66.708253 0.100000    6  6  6
0.350248 0.308491  142.607804 0.100000    2  2  2
0.333317 0.428078   98.058533 0.100000    2 22 22
0.353650 0.315134  -79.794373 0.100000    2  2  2
0.352709 0.400988   90.628063 0.100000    2  2  2
0.335203 0.516586   98.611005 0.100000    2  2  2
0.550000 0.150000   90.000000 0.100000    6  2  2
0.553906 0.269669   88.130589 0.100000    6  6  6
0.499242 0.333648  130.510606 0.100000    6  6  6
0.432039 0.364931  155.038178 0.100000    6  6  6
0.371233 0.430261  132.946051 0.100000    2  1  1
0.324073 0.521729  117.275189 0.100000    2  6  6
0.262208 0.573008  140.344617 0.100000    2  2  2
0.249042 0.687271   96.572836 0.100000    2  5  5
0.134050 0.725389  161.660547 0.100000    2  3  3
0.180921 0.841645   68.042097 0.100000    2  1  1
0.142689 0.917246  116.826367 0.100000   14 13 13
0.198158 0.938684   21.130282 0.100000   14  9  9
0.278227 0.976744   25.423548 0.100000   14 14 14
0.366704 0.973746   -1.940610 0.100000   14  8 12
0.366704 0.973746   -1.940610 0.100000   14 14 14
0.451045 0.993706   13.314989 0.100000   14  8 12
0.451045 0.993706   13.314989 0.100000   14 14 12
0.451045 0.993706   13.314989 0.100000   14 10 12
0.550000 0.150000   90.000000 0.100000    6  5  5
0.446018 0.205995  151.697516 0.100000    6  6  6
0.403420 0.253748  131.733663 0.100000    6  6  6
0.334504 0.323361  134.711938 0.100000    2  7  7
0.309596 0.385378  111.881944 0.100000    2 13 13
0.364138 0.374896  -10.878812 0.100000    2  7  7
0.550000 0.150000   90.000000 0.100000    6 23 12
0.550000 0.150000   90.000000 0.100000    6  6  6
0.501857 0.213052  127.363291 0.100000    6  6  6
0.454855 0.278558  125.660491 0.100000    6  6  6
0.390708 0.339329  136.548193 0.100000    2  7  7
0.387989 0.387357   93.239280 0.100000    2  2  2
0.388607 0.495998   89.674373 0.100000    2  3  3
0.414444 0.613752   77.624467 0.100000    2  2 12
0.414444 0.613752   77.624467 0.100000    2  2 12
0.414444 0.613752   77.624467 0.100000    2  1  1
0.550000 0.150000   90.000000 0.100000    6  1  1
0.511492 0.245891  111.879387 0.100000    6 21 21
0.466750 0.168226 -119.946014 0.100000    6  6  6
0.437537 0.194576  137.948682 0.100000    6  6  6
0.406487 0.248468  119.949077 0.100000    6  6  6
0.339356 0.302621  141.107634 0.100000    2  2  2
0.328763 0.406920   95.799327 0.100000    2 20 12
0.328763 0.406920   95.799327 0.100000    2  7  7
0.330032 0.457650   88.566489 0.100000    2  2  2
0.305341 0.565529  102.891709 0.100000    2  2  2
0.550000 0.150000   90.000000 0.100000    6  6  6
0.522847 0.204306  116.565154 0.100000    6  6  6
0.486831 0.267276  119.767588 0.100000    6 10 10
0.377525 0.286024  170.267681 0.100000    2  1  1
0.322581 0.385892  118.817884 0.100000    2  3  3
0.389891 0.503518   60.220199 0.100000    2  2 12
0.389891 0.503518   60.220199 0.100000    2  1  1
0.356602 0.579657  113.614942 0.100000    2  2  2
0.335062 0.654913  105.972916 0.100000    2  5  5
0.215730 0.692815  162.378786 0.100000    2  2  2
0.224574 0.769676   83.436290 0.100000    2  2  2
0.236215 0.859220   82.592828 0.100000    2  2  2
0.550000 0.150000   90.000000 0.100000    6  6  6
0.517760 0.204679  120.524717 0.100000    6  4  4
0.594431 0.280588   44.713893 0.100000    6  9  9
0.700899 0.312052   16.463505 0.100000    2  3  3
0.733798 0.433861   74.886047 0.100000    2  2  2
0.727218 0.509424   94.976951 0.100000    2  2  2
0.720836 0.630723   93.011432 0.100000    2 13 13
0.753427 0.633460    4.799617 0.100000    2  1 12
0.753427 0.633460    4.799617 0.100000    2  0 12
0.753427 0.633460    4.799617 0.100000    2  2  2
0.550000 0.150000   90.000000 0.100000    6  7  7
0.539748 0.185519  106.100262 0.100000    6  6  6
0.478271 0.243299  136.775843 0.100000    6  6  6
0.445808 0.284002  128.573657 0.100000    6  6  6
0.419599 0.324211  123.097135 0.100000    6  6  6
0.359432 0.395025  130.353186 0.100000    2  2  2
0.337955 0.492085  102.477038 0.100000    2  2  2
0.317964 0.589924  101.547791 0.100000    2  0  0
0.201049 0.703851  135.741654 0.100000    2  2  2
0.205513 0.802698   87.414029 0.100000    2  2  2
0.215421 0.914454   84.933660 0.100000   14 14 14
0.293137 0.911963   -1.835840 0.100000   14 14 14
0.399308 0.930876   10.100094 0.100000   14  7  7
0.550000 0.150000   90.000000 0.100000    6  5  5
0.454048 0.210026  147.970730 0.100000    6  6  6
0.417739 0.255155  128.818389 0.100000    6  6  6
0.342775 0.310977  143.326535 0.100000    2  2  2
0.344422 0.416875   89.109364 0.100000    2  2  2
0.353587 0.500652   83.756323 0.100000    2  2  2
0.352475 0.584203   90.762743 0.100000    2  3 12
0.550000 0.150000   90.000000 0.100000    6  6  6
0.488818 0.181909  152.456410 0.100000    6 16 16
0.452995 0.112200 -117.198631 0.100000    6  1  1
0.407342 0.214644  114.019392 0.100000    6  6  6
0.359578 0.254002  140.511703 0.100000    2  2  2
0.382065 0.338727   75.135855 0.100000    2  2  2
0.375931 0.421105   94.258788 0.100000    2  3  3
0.433972 0.529552   61.844047 0.100000   14 14 14
0.550000 0.150000   90.000000 0.100000    6  6  6
0.510518 0.193204  132.422911 0.100000    6  6  6
0.478052 0.229020  132.190483 0.100000    6 12 12
0.466746 0.239024  138.495217 0.100000    6 17 17
0.452904 0.167274 -100.919965 0.100000    6  6  6
0.416430 0.218723  125.334041 0.100000    6  6  6
0.374396 0.264909  132.305598 0.100000    2  3  3
0.412801 0.385031   72.269969 0.100000    6  6  6
0.367506 0.452583  123.842707 0.100000    2  5  5
0.276090 0.481265  162.580460 0.100000    2  2  2
0.266340 0.604537   94.521973 0.100000    2  2  2
0.274132 0.719455   86.121387 0.100000    2  2  2
0.267373 0.816195   93.996369 0.100000    2  3  3
0.550000 0.150000   90.000000 0.100000    6  6  6
0.478561 0.216316  137.129867 0.100000    6 16 16
0.421728 0.189829 -155.011992 0.100000    6  6  6
0.368926 0.254105  129.402988 0.100000    2  3  3
0.422084 0.374722   66.215955 0.100000    6  6  6
0.372979 0.443062  125.698850 0.100000    2  2  2
0.352264 0.536479  102.502880 0.100000    2  2  2
0.367205 0.658021   82.991961 0.100000    2  6  6
0.300957 0.698683  148.458659 0.100000    2  6  6
0.227056 0.726777  159.185951 0.100000    2 12 12
0.220211 0.720226 -136.254983 0.100000    2  2  2
0.235925 0.797980   78.575171 0.100000    2  2  2
0.258468 0.919322   79.475329 0.100000   14  9  9
0.350843 0.976202   31.622458 0.100000   14  9 12
0.350843 0.976202   31.622458 0.100000   14 14 14
0.472573 0.999763   10.954227 0.100000   14 14 12
0.472573 0.999763   10.954227 0.100000   14 17 17
0.490865 0.946059  -71.190548 0.100000   14 14 12
0.490865 0.946059  -71.190548 0.100000   14  9 12
0.490865 0.946059  -71.190548 0.100000   14  2 12
0.550000 0.150000   90.000000 0.100000    6  6  6
0.501352 0.224387  123.184083 0.100000    6  6  6
0.462363 0.259319  138.141693 0.100000    6  6  6
0.432814 0.302951  124.107282 0.100000    6  6  6
0.400324 0.338689  132.273730 0.100000    6  7  7
0.382257 0.411249  103.982256 0.100000    2  3  3
0.425374 0.526034   69.412543 0.100000   14 14 14
0.527471 0.530429    2.464836 0.100000   14 14 14
0.606025 0.551683   15.139631 0.100000   14 18 18
0.550000 0.150000   90.000000 0.100000    6  6  6
0.520622 0.179195  135.178778 0.100000    6  3  3
0.592678 0.269286   51.346467 0.100000    6  6  6
0.564156 0.302073  131.020198 0.100000    6 21 21
0.518464 0.200026 -114.120818 0.100000    6  5  5
0.418182 0.250550  153.259999 0.100000    6 11 11
0.362951 0.262308  167.981799 0.100000    2  2  2
0.360009 0.362591   91.680124 0.100000    2  2  2
0.340029 0.472292  100.322534 0.100000    2  2  2
0.550000 0.150000   90.000000 0.100000    6  0  0
0.448933 0.272516  129.520184 0.100000    6  6  6
0.374005 0.302710  158.051440 0.100000    2  2  2
0.391325 0.419935   81.595736 0.100000    2  2  2
0.397189 0.518408   86.592022 0.100000    2  2  2
0.406639 0.600181   83.407844 0.100000    2  3 12
0.406639 0.600181   83.407844 0.100000    2  2 12
0.406639 0.600181   83.407844 0.100000    2  2 12
0.406639 0.600181   83.407844 0.100000    2 21 21
0.335555 0.491278 -123.133263 0.100000    2  2  2
0.320308 0.587308   99.021925 0.100000    2  2  2
0.550000 0.150000   90.000000 0.100000    6  6  6
0.497210 0.202985  134.894187 0.100000    6  6  6
0.457176 0.251046  129.794150 0.100000    6  1  1
0.431218 0.349358  104.790308 0.100000    6  6  6
0.367112 0.392905  145.811938 0.100000    2  2  2
0.372479 0.503574   87.223841 0.100000    2 11 11
0.327544 0.496230 -170.717602 0.100000    2  3  3
0.375766 0.575596   58.717706 0.100000    2  1  1
0.302132 0.652000  133.942553 0.100000    2  1  1
0.550000 0.150000   90.000000 0.100000    6  6  6
0.515912 0.218708  116.386905 0.100000    6  6  6
0.449515 0.266599  144.198021 0.100000    6 16 16
0.398627 0.237390 -150.145496 0.100000    2  2  2
0.377602 0.335568  102.087149 0.100000    2  3  3
0.412276 0.424176   68.629170 0.100000    6 11 11
0.348441 0.449098  158.674061 0.100000    2  1  1
0.302043 0.568102  111.299821 0.100000    2  2  2
0.301582 0.658340   90.293301 0.100000    2  7  7
0.305242 0.703768   85.392762 0.100000    2  7  7
0.325661 0.748128   65.284076 0.100000    2  2  2
0.550000 0.150000   90.000000 0.100000    6  6  6
0.517811 0.201143  122.186444 0.100000    6 17 17
0.533858 0.147286  -73.407944 0.100000    6 11 11
0.506120 0.133021 -152.784447 0.100000    6  6  6
0.462414 0.185920  129.564095 0.100000    6  6  6
0.432872 0.218593  132.119055 0.100000    6  6  6
0.377018 0.286756  129.332019 0.100000    2  2  2
0.399571 0.378556   76.196886 0.100000    2  2  2
0.550000 0.150000   90.000000 0.100000    6  7  7
0.569512 0.177554   54.696919 0.100000    6  6  6
0.495637 0.211893  155.069580 0.100000    6  6  6
0.466428 0.248615  128.498695 0.100000    6  0  0
0.387799 0.332866  133.023430 0.100000    2 12 12
0.369713 0.316113 -137.191138 0.100000    2  2  2
0.393750 0.424947   77.545152 0.100000    2  2  2
0.550000 0.150000   90.000000 0.100000    6  6  6
0.488466 0.200734  140.494895 0.100000    6  6  6
0.427647 0.230897  153.621105 0.100000    6  6  6
0.364800 0.302188  131.397718 0.100000    2  2  2
0.371033 0.408395   86.641447 0.100000    2  2  2
0.347210 0.510891  103.084735 0.100000    2  2  2
0.365464 0.620285   80.526884 0.100000    2  5  5
0.277907 0.679578  145.894069 0.100000    2 22 22
0.301482 0.580840  -76.571676 0.100000    2  2  2
0.299788 0.689963   90.889042 0.100000    2  1  1
0.550000 0.150000   90.000000 0.100000    6  6  6
0.484594 0.220552  132.832405 0.100000    6  6  6
0.457280 0.264436  121.898961 0.100000    6  6  6
0.430661 0.295502  130.591100 0.100000    6  6  6
0.404435 0.336574  122.559670 0.100000    6  6  6
0.360883 0.386780  130.941062 0.100000    2  2  2
0.366992 0.463031   85.419342 0.100000    2  1  1
0.312367 0.576783  115.650654 0.100000    2  9  9
0.431091 0.633724   25.622827 0.100000    2  2 12
0.431091 0.633724   25.622827 0.100000    2  2 12
0.431091 0.633724   25.622827 0.100000    2  2 12
0.550000 0.150000   90.000000 0.100000    6  6  6
0.505024 0.215872  124.324426 0.100000    6 19 19
0.608115 0.171261  -23.399754 0.100000    6  6  6
0.563066 0.216889  134.634810 0.100000    6  6  6
0.491335 0.268728  144.144780 0.100000    6  6  6
0.462657 0.321512  118.515691 0.100000    6  6  6
0.430168 0.366634  125.754568 0.100000    6  6  6
0.359077 0.394484  158.607193 0.100000    2  2  2
0.351863 0.478940   94.881919 0.100000    2  2  2
0.332622 0.580673  100.710204 0.100000    2  8  8
0.401376 0.630305   35.824103 0.100000    2  3 12
0.401376 0.630305   35.824103 0.100000    2  2  2
0.550000 0.150000   90.000000 0.100000    6  6  6
0.494306 0.198453  138.977156 0.100000    6  6  6
0.428104 0.235970  150.459450 0.100000    6  6  6
0.383782 0.280075  135.140665 0.100000    2  2  2
0.400684 0.384319   80.790747 0.100000    6  6  6
0.339758 0.427006  144.983023 0.100000    2  3  3
0.412375 0.537589   56.707986 0.100000   14 13 13
0.487151 0.524018  -10.286430 0.100000   14 12 12
0.550000 0.150000   90.000000 0.100000    6  6  6
0.510361 0.208624  124.065035 0.100000    6  6  6
0.460491 0.261768  133.179385 0.100000    6 11 11
0.428562 0.266095  172.282708 0.100000    6  6  6
0.394025 0.314662  125.417745 0.100000    2  2  2
0.399621 0.425112   87.099508 0.100000    2  2  2
0.390516 0.536701   94.664906 0.100000    2  2  2
0.389640 0.642687   90.473329 0.100000    2  3 12
0.389640 0.642687   90.473329 0.100000    2  3 12
0.550000 0.150000   90.000000 0.100000    6  5  5
0.446878 0.210039  149.791513 0.100000    6  6  6
0.389844 0.242860  150.080832 0.100000    2 14 14
0.490817 0.232410   -5.909022 0.100000    6  6  6
0.425330 0.292156  137.624751 0.100000    6  6  6
0.351069 0.344744  144.695863 0.100000    2  2  2
0.361924 0.435123   83.150898 0.100000    2  3  3
0.422064 0.514066   52.699624 0.100000   14 16 16
0.379600 0.487717 -148.180032 0.100000    2  6  6
0.350975 0.514449  136.957655 0.100000    2  2  2
0.361147 0.620045   84.497795 0.100000    2  1  1
0.301749 0.737543  116.817513 0.100000    2  2  2
0.550000 0.150000   90.000000 0.100000    6  6  6
0.508951 0.199903  129.439785 0.100000    6  6  6
0.477764 0.241761  126.688674 0.100000    6  6  6
0.410005 0.275675  153.411909 0.100000    6 11 11
0.384777 0.286049  157.646961 0.100000    2  2  2
0.400170 0.381554   80.844193 0.100000    6 11 11
0.341990 0.360381 -160.002145 0.100000    2  3  3
0.375777 0.480666   74.310398 0.100000    2 17 17
0.384293 0.443677  -77.034539 0.100000    2  2  2
0.393030 0.535594   84.570329 0.100000    2  2 12
0.393030 0.535594   84.570329 0.100000    2  2  2
0.391191 0.650690   90.915016 0.100000    2  2  2
0.398695 0.728105   84.463727 0.100000    2  2 12
0.550000 0.150000   90.000000 0.100000    6  6  6
0.505795 0.213530  124.830755 0.100000    6  6  6
0.475116 0.283282  113.741179 0.100000    6  1  1
0.410920 0.391169  120.754080 0.100000    6  1  1
0.363811 0.497354  113.924078 0.100000    2  2  2
0.340494 0.582746  105.273323 0.100000    2 12 12
0.330543 0.596482  125.921007 0.100000    2  2  2
0.550000 0.150000   90.000000 0.100000    6  6  6
0.485158 0.218200  133.553815 0.100000    6 11 11
0.455249 0.241463  142.124965 0.100000    6  2  2
0.443412 0.362854   95.569548 0.100000    6  1  1
0.414216 0.461250  106.526803 0.100000    6  1  1
0.366326 0.561072  115.629177 0.100000    2  2  2
0.346823 0.676362   99.601722 0.100000    2  7  7
0.323005 0.714083  122.268860 0.100000    2  8  8
0.550000 0.150000   90.000000 0.100000    6  6  6
0.520735 0.218095  113.256712 0.100000    6  1  1
0.491303 0.310464  107.673292 0.100000    6  6  6
0.417711 0.340256  157.960249 0.100000    6  6  6
0.365579 0.406356  128.262757 0.100000    2  9  9
0.469759 0.476557   33.973915 0.100000    6  6  6
0.418938 0.537034  130.041397 0.100000   14 14 14
0.533981 0.552468    7.641131 0.100000   14 14 14
0.633192 0.543684   -5.059763 0.100000   14 14 14
0.709787 0.555666    8.890557 0.100000    2  2  2
0.550000 0.150000   90.000000 0.100000    6  1  1
0.512178 0.235430  113.880230 0.100000    6  6  6
0.450993 0.287552  139.572605 0.100000    6  6  6
0.423873 0.318715  131.032229 0.100000    6  6  6
0.389920 0.350294  137.075126 0.100000    2 13 13
0.441821 0.346936   -3.702559 0.100000    6  6  6
0.374754 0.408072  137.648312 0.100000    2  2  2
0.352752 0.519997  101.121454 0.100000    2  1  1
0.550000 0.150000   90.000000 0.100000    6  6  6
0.479119 0.209354  140.057786 0.100000    6  6  6
0.426934 0.282632  125.456811 0.100000    6 10 10
0.334456 0.301756  168.316244 0.100000    2  2  2
0.358424 0.394218   75.467376 0.100000    2  2  2
0.343200 0.495695   98.532056 0.100000    2  1  1
0.302375 0.584187  114.766143 0.100000    2  2  2
0.299523 0.669340   91.917820 0.100000    2  2  2
0.311652 0.793734   84.431030 0.100000    2  8  8
0.385100 0.852385   38.608627 0.100000    2  2  2
0.375207 0.954393   95.539155 0.100000   14 14 14
0.460647 0.930792  -15.441519 0.100000   14 13 12
0.460647 0.930792  -15.441519 0.100000   14  8 12
0.550000 0.150000   90.000000 0.100000    6  6  6
0.510770 0.212748  122.013944 0.100000    6  6  6
0.446391 0.268756  138.977112 0.100000    6  6  6
0.381071 0.311702  146.676449 0.100000    2  6  6
0.338067 0.361773  130.657855 0.100000    2  2  2
0.325438 0.466763   96.859266 0.100000    2 19 19
0.442983 0.423245  -20.315387 0.100000    6  6  6
0.396830 0.461509  140.339020 0.100000    2  2  2
0.375360 0.547077  104.085423 0.100000    2  2  2
0.380559 0.636939   86.689011 0.100000    2  2  2
0.395470 0.741393   81.875823 0.100000    2  2  2
0.391963 0.848419   91.876836 0.100000    2  2 12
0.550000 0.150000   90.000000 0.100000    6  5  5
0.453899 0.218939  144.345802 0.100000    6 20 20
0.372449 0.109745 -126.720018 0.100000    2  1  1
0.340239 0.184807  113.224044 0.100000    2  2  2
0.349954 0.284102   84.412414 0.100000    2  3  3
0.417402 0.364558   50.025951 0.100000    6  1  1
0.351172 0.452870  126.868529 0.100000    2  2  2
0.350808 0.568813   90.179854 0.100000    2 21 21
0.281974 0.473150 -125.736762 0.100000    2  2  2
0.296720 0.587670   82.662514 0.100000    2  2  2
0.550000 0.150000   90.000000 0.100000    6  6  6
0.504619 0.183023  143.957506 0.100000    6  6  6
0.479176 0.257563  108.846551 0.100000    6  6  6
0.426836 0.314277  132.702818 0.100000    6  6  6
0.401118 0.340866  134.046025 0.100000    6  6  6
0.348896 0.387665  138.135018 0.100000    2  2  2
0.361603 0.480647   82.218153 0.100000    2  2  2
0.370826 0.601788   85.646140 0.100000    2  2  2
0.352833 0.690548  101.459435 0.100000    2  2  2
0.344538 0.800380   94.318960 0.100000    2  2  2
0.368788 0.902184   76.601783 0.100000   14 14 14
0.550000 0.150000   90.000000 0.100000    6  6  6
0.504432 0.221489  122.513712 0.100000    6 11 11
0.439014 0.220910 -179.492243 0.100000    6  1  1
0.375541 0.332915  119.540174 0.100000    2  3  3
0.432090 0.425524   58.591018 0.100000    6  0  0
0.321559 0.520998  139.180216 0.100000    2  2  2
0.338123 0.616988   80.209610 0.100000    2  2  2
0.321863 0.707836  100.147151 0.100000    2  1  1
0.550000 0.150000   90.000000 0.100000    6  6  6
0.489171 0.189260  147.161393 0.100000    6  6  6
0.435503 0.262321  126.299324 0.100000    6  6  6
0.390814 0.298991  140.628927 0.100000    2  2  2
0.404781 0.386727   80.955065 0.100000    6  6  6
0.341279 0.458723  131.413090 0.100000    2  2  2
0.332118 0.535603   96.795325 0.100000    2  1  1
0.287800 0.622813  116.938545 0.100000    2  3  3
0.350850 0.727376   58.910558 0.100000    2  2  2
0.333805 0.805935  102.241358 0.100000    2  2  2
0.349466 0.917049   81.977608 0.100000   14 14 14
0.443879 0.906323   -6.481666 0.100000   14 14 12
0.550000 0.150000   90.000000 0.100000    6  6  6
0.507786 0.186151  139.423747 0.100000    6  6  6
0.469530 0.247645  121.886171 0.100000    6  6  6
0.433022 0.319578  116.909214 0.100000    6 24 24
0.542549 0.233348  -38.213096 0.100000    6 12 12
0.567194 0.209154  -44.472137 0.100000    6  6  6
0.502253 0.258984  142.500213 0.100000    6  6  6
0.464059 0.312679  125.424815 0.100000    6  9  9
0.561235 0.363829   27.760696 0.100000    6  6  6
0.486778 0.422874  141.585416 0.100000    6  1  1
0.436941 0.503394  121.754370 0.100000   14 19 19
0.550000 0.150000   90.000000 0.100000    6  6  6
0.518031 0.211689  117.394670 0.100000    6  6  6
0.479422 0.269338  123.810776 0.100000    6  2  2
0.464470 0.384986   97.366875 0.100000    6  6  6
0.410368 0.424494  143.861622 0.100000    6 12 12
0.431031 0.446038   46.194781 0.100000    6  6  6
0.396932 0.486098  130.404924 0.100000    2  2  2
0.373969 0.604673  100.960093 0.100000    2  2  2
0.354449 0.696994  101.938128 0.100000    2  3  3
0.380141 0.774299   71.616341 0.100000    2 22 22
0.550000 0.150000   90.000000 0.100000    6 16 16
0.519150 0.083668 -114.942260 0.100000    6  2  2
0.530918 0.202914   84.363936 0.100000    6  6  6
0.495130 0.235548  137.638800 0.100000    6 10 10
0.381460 0.218745 -171.591116 0.100000    2  0  0
0.282728 0.324800  132.952297 0.100000    2  1  1
0.253420 0.414625  108.070589 0.100000    2  2  2
0.242831 0.501750   96.929210 0.100000    2  2  2
0.265127 0.606992   78.038519 0.100000    2  9  9
0.368538 0.664901   29.248422 0.100000    2  2  2
0.380586 0.773707   83.681371 0.100000    2  2  2
0.357488 0.882056  102.034263 0.100000    2  2  2
0.352626 0.963212   93.428749 0.100000   14 13 13
0.550000 0.150000   90.000000 0.100000    6 16 16
0.513217 0.117393 -138.443749 0.100000    6 12 12
0.516956 0.140129   80.660790 0.100000    6  6  6
0.465913 0.211240  125.670723 0.100000    6  6  6
0.405997 0.268314  136.391448 0.100000    6 12 12
0.397427 0.281305  123.412647 0.100000    2 17 17
0.398043 0.237574  -89.192991 0.100000    2  2  2
0.420671 0.332076   76.533978 0.100000    6  6  6
0.349933 0.400261  136.052858 0.100000    2  9  9
0.456009 0.462395   30.359614 0.100000    6  0  0
0.373004 0.545858  134.842608 0.100000    2  3 12
0.373004 0.545858  134.842608 0.100000    2  3 12
0.373004 0.545858  134.842608 0.100000    2  3  3
0.550000 0.150000   90.000000 0.100000    6  6  6
0.517360 0.214184  116.955016 0.100000    6  6  6
0.447384 0.255163  149.646098 0.100000    6  6  6
0.416752 0.289511  131.726355 0.100000    6  6  6
0.363012 0.350941  131.179899 0.100000    2  2  2
0.377443 0.469308   83.049055 0.100000    2  2  2
0.359532 0.574645   99.650303 0.100000    2  1  1
0.310995 0.651853  122.155142 0.100000    2  2  2
0.301042 0.737403   96.636508 0.100000    2 17 17
0.278928 0.662728 -106.495816 0.100000    2  2  2
0.293790 0.780437   82.803721 0.100000    2 12 12
0.311955 0.790168   28.178085 0.100000    2 18 18
0.550000 0.150000   90.000000 0.100000    6  2  2
0.543821 0.231249   94.348636 0.100000    6  0  0
0.443997 0.352561  129.450121 0.100000    6  2  2
0.465432 0.473217   79.926364 0.100000    6  6  6
0.433439 0.544142  114.279579 0.100000   14  9  9
0.533260 0.572504   15.861224 0.100000   14 14 14
0.619615 0.579959    4.934260 0.100000   14 13 13
0.684040 0.596694   14.561054 0.100000   14 14 14
0.796715 0.607826    5.642315 0.100000    2  2  2
0.787734 0.731895   94.140042 0.100000    2  2  2
0.764105 0.812548  106.329057 0.100000    2  2  2
0.550000 0.150000   90.000000 0.100000    6  6  6
0.496213 0.187022  145.459948 0.100000    6 12 12
0.473273 0.189742  173.238648 0.100000    6  6  6
0.411724 0.237971  141.918482 0.100000    6 23 23
0.464362 0.158500  -56.480842 0.100000    6  6  6
0.411240 0.217368  132.062772 0.100000    6  6  6
0.375937 0.248835  138.289242 0.100000    2  2  2
0.389368 0.343192   81.898887 0.100000    2  2  2
0.406442 0.419548   77.395336 0.100000    6 15 15
0.296280 0.386180 -163.148355 0.100000    2  8  8
0.351171 0.453743   50.908789 0.100000    2  2  2
0.350311 0.532143   90.627977 0.100000    2  3  3
0.550000 0.150000   90.000000 0.100000    6  6  6
0.509266 0.187880  137.079462 0.100000    6  7  7
0.486700 0.215176  129.580793 0.100000    6  0  0
0.369254 0.301792  143.591213 0.100000    2  2  2
0.347604 0.382005  105.104292 0.100000    2  2  2
0.371248 0.464871   74.074803 0.100000    2  4  4
0.459736 0.586207   53.897604 0.100000   14  4 12
0.459736 0.586207   53.897604 0.100000   14 13 12
0.459736 0.586207   53.897604 0.100000   14 14 12
0.459736 0.586207   53.897604 0.100000   14 14 14
0.538921 0.583182   -2.187780 0.100000   14  9 12
0.538921 0.583182   -2.187780 0.100000   14 14 12
0.550000 0.150000   90.000000 0.100000    6  6  6
0.486003 0.189541  148.289640 0.100000    6  5  5
0.408168 0.223041  156.713129 0.100000    6  6  6
0.376099 0.261844  129.573124 0.100000    2  2  2
0.378866 0.356795   88.330824 0.100000    2  2  2
0.369453 0.464950   94.973883 0.100000    2 20 20
0.288412 0.381904 -134.299906 0.100000    2  2  2
0.308942 0.459378   75.158350 0.100000    2  2  2
0.305966 0.582507   91.384269 0.100000    2  1  1
0.260456 0.665029  118.876313 0.100000    2  7  7
0.550000 0.150000   90.000000 0.100000    6  6  6
0.521970 0.199560  119.491089 0.100000    6  6  6
0.478009 0.236838  139.703086 0.100000    6  4  4
0.595841 0.315494   33.724352 0.100000    6  6  6
0.525170 0.388765  133.965182 0.100000    6  6  6
0.466057 0.426183  147.666600 0.100000    6  6  6
0.393681 0.500451  134.261008 0.100000    2  3  3
0.423667 0.603993   73.848947 0.100000    2  2 12
0.423667 0.603993   73.848947 0.100000    2  3 12
0.423667 0.603993   73.848947 0.100000    2 15 15
0.336180 0.545044 -146.028088 0.100000    2  2  2
0.330769 0.649316   92.970492 0.100000    2  2  2
0.321710 0.729895   96.414608 0.100000    2  9  9
0.417634 0.771766   23.581491 0.100000    2  7 12
0.550000 0.150000   90.000000 0.100000    6  6  6
0.484702 0.224955  131.061109 0.100000    6  0  0
0.366010 0.308032  145.010414 0.100000    2  0  0
0.246475 0.427808  134.942412 0.100000    2  8  8
0.288692 0.461197   38.340220 0.100000    2 12 12
0.297522 0.485841   70.287402 0.100000    2  2  2
0.311898 0.581884   81.486933 0.100000    2  2  2
0.304995 0.690077   93.650550 0.100000    2  1  1
0.271811 0.809963  105.471847 0.100000    2  2  2
0.252023 0.898821  102.554515 0.100000    2  1 12
0.252023 0.898821  102.554515 0.100000    2  2 12
0.252023 0.898821  102.554515 0.100000    2  2  2
0.275131 0.996144   76.643348 0.100000   14  9 12
0.550000 0.150000   90.000000 0.100000    6  6  6
0.490979 0.176692  155.665406 0.100000    6  6  6
0.456460 0.245696  116.576265 0.100000    6  6  6
0.413583 0.309180  124.035286 0.100000    6  6  6
0.368691 0.354912  134.468746 0.100000    2  1  1
0.322948 0.470814  111.537773 0.100000    2  2  2
0.300395 0.554291  105.118363 0.100000    2  2  2
0.279432 0.657315  101.501459 0.100000    2  2  2
0.269883 0.775634   94.613817 0.100000    2  6  6
0.550000 0.150000   90.000000 0.100000    6 18 18
0.586546 0.121442  -38.004433 0.100000    6  6  6
0.515336 0.166299  147.792505 0.100000    6  5  5
0.408209 0.227837  150.125083 0.100000    6  6  6
0.347770 0.299432  130.170353 0.100000    2  2  2
0.338376 0.394902   95.619544 0.100000    2  9  9
0.418202 0.466775   41.998816 0.100000    6  6  6
0.366437 0.535647  126.929186 0.100000    2  6  6
0.330325 0.580197  129.027322 0.100000    2  1  1
0.268715 0.695709  118.073948 0.100000    2 21 21
0.239320 0.604930 -107.942868 0.100000    2 18 18
0.272237 0.557376  -55.309077 0.100000    2  2  2
0.282223 0.642115   83.278908 0.100000    2  1  1
0.550000 0.150000   90.000000 0.100000    6  6  6
0.496971 0.179608  150.823745 0.100000    6  6  6
0.456360 0.253826  118.686788 0.100000    6  6  6
0.410744 0.301215  133.907882 0.100000    6  6  6
0.341722 0.369651  135.243963 0.100000    2  1  1
0.304644 0.470284  110.226703 0.100000    2  2  2
0.324427 0.563513   78.019771 0.100000    2  2  2
0.308948 0.669722   98.291635 0.100000    2 19 19
0.402847 0.613405  -30.953378 0.100000    2  2 12
0.402847 0.613405  -30.953378 0.100000    2  2 12
0.550000 0.150000   90.000000 0.100000    6  6  6
0.475819 0.188367  152.651898 0.100000    6  6  6
0.440154 0.253347  118.760424 0.100000    6  0  0
0.344419 0.365750  130.421209 0.100000    2  3  3
0.399711 0.456601   58.675557 0.100000    2  2  2
0.392250 0.535238   95.419799 0.100000    2  3 12
0.392250 0.535238   95.419799 0.100000    2  2 12
0.550000 0.150000   90.000000 0.100000    6  6  6
0.495620 0.219067  128.215089 0.100000    6  6  6
0.440346 0.252690  148.688211 0.100000    6  6  6
0.385991 0.324819  127.000673 0.100000    2  2  2
0.398047 0.421842   82.916469 0.100000    2  3  3
0.449665 0.501161   56.945144 0.100000   14  9  9
0.549190 0.533515   18.008876 0.100000   14  0 12
0.549190 0.533515   18.008876 0.100000   14 14 14
0.628838 0.533023   -0.354123 0.100000   14 14 14
0.708416 0.546813    9.831393 0.100000    2  2  2
0.550000 0.150000   90.000000 0.100000    6  6  6
0.495473 0.222445  126.967537 0.100000    6 11 11
0.436358 0.200646 -159.757756 0.100000    6  5  5
0.330570 0.247973  155.897223 0.100000    2  2  2
0.338407 0.325911   84.258199 0.100000    2  2  2
0.342486 0.444002   88.021628 0.100000    2  2  2
0.365171 0.559286   78.868069 0.100000    2  3 12
0.365171 0.559286   78.868069 0.100000    2  3  3
0.392880 0.637391   70.467300 0.100000    2  2 12
0.550000 0.150000   90.000000 0.100000    6  6  6
0.524583 0.192965  120.607106 0.100000    6  6  6
0.482945 0.224974  142.448789 0.100000    6  6  6
0.416337 0.252707  157.395431 0.100000    6 15 15
0.338282 0.185061 -139.086262 0.100000    2  2  2
0.359852 0.268391   75.487722 0.100000    2  3  3
0.407778 0.344586   57.830365 0.100000    6 21 21
0.379736 0.267489 -109.987518 0.100000    2  8  8
0.421779 0.301330   38.831013 0.100000    6  6  6
0.370400 0.348899  137.205367 0.100000    2  2  2
0.369903 0.450496   90.280274 0.100000    2  2  2
0.347235 0.556838  102.033178 0.100000    2  2  2
0.330141 0.656026   99.778409 0.100000    2  2  2
0.315111 0.779343   96.949001 0.100000    2  2  2
0.299264 0.902306   97.343803 0.100000   14 14 14
0.550000 0.150000   90.000000 0.100000    6  1  1
0.483168 0.262845  120.635738 0.100000    6  6  6
0.415823 0.319793  139.781956 0.100000    6  6  6
0.359854 0.379191  133.297466 0.100000    2  2  2
0.356965 0.473525   91.754276 0.100000    2  9  9
0.437716 0.504566   21.026502 0.100000   14 14 14
0.550000 0.150000   90.000000 0.100000    6  6  6
0.485009 0.187447  150.050091 0.100000    6  6  6
0.417858 0.239728  142.097009 0.100000    6  1  1
0.380059 0.324459  114.042337 0.100000    2  2  2
0.397793 0.435309   80.910559 0.100000    2  2  2
0.397517 0.515575   90.197178 0.100000    2  2 12
0.397517 0.515575   90.197178 0.100000    2  4  4
0.492926 0.596494   40.302290 0.100000   14  9 12
0.492926 0.596494   40.302290 0.100000   14 13 13
0.543890 0.582530  -15.323324 0.100000   14 14 14
0.632853 0.596654    9.020970 0.100000   14 12 12
0.636794 0.598137   20.624472 0.100000   14 14 12
0.636794 0.598137   20.624472 0.100000   14  9 12
0.636794 0.598137   20.624472 0.100000   14 14 14
0.730034 0.586012   -7.409583 0.100000    2  1 12
0.730034 0.586012   -7.409583 0.100000    2  2  2
0.725070 0.681801   92.966097 0.100000    2 15 12
0.725070 0.681801   92.966097 0.100000    2  6 12
0.550000 0.150000   90.000000 0.100000    6  6  6
0.489860 0.184024  150.500999 0.100000    6 11 11
0.448633 0.200743  157.926280 0.100000    6  6  6
0.398608 0.273086  124.663642 0.100000    2 22 22
0.411542 0.165618  -83.136958 0.100000    6  6  6
0.338730 0.197336  156.461434 0.100000    2  2  2
0.335366 0.311537   91.687144 0.100000    2  4  4
0.459888 0.422280   41.648342 0.100000    6  6  6
0.432773 0.475793  116.872051 0.100000    6  6  6
0.367231 0.528089  141.413036 0.100000    2  3  3
0.422320 0.624435   60.239598 0.100000    2  2 12
0.422320 0.624435   60.239598 0.100000    2  3 12
0.422320 0.624435   60.239598 0.100000    2  2 12
0.422320 0.624435   60.239598 0.100000    2  2 12
0.422320 0.624435   60.239598 0.100000    2  2 12
0.422320 0.624435   60.239598 0.100000    2  1 12
0.422320 0.624435   60.239598 0.100000    2  3 12
0.550000 0.150000   90.000000 0.100000    6  6  6
0.490650 0.193480  143.773611 0.100000    6  6  6
0.417347 0.264652  135.844845 0.100000    6 10 10
0.320141 0.267263  178.461598 0.100000    2  2  2
0.300730 0.346512  103.762814 0.100000    2  1  1
0.237592 0.441915  123.496798 0.100000    2  3  3
0.266608 0.536185   72.891659 0.100000    2  2  2
0.272282 0.636863   86.774324 0.100000    2  2  2
0.288864 0.724980   79.342643 0.100000    2  2  2
0.550000 0.150000   90.000000 0.100000    6  6  6
0.518801 0.216725  115.059589 0.100000    6  6  6
0.490009 0.290271  111.379728 0.100000    6  5  5
0.389427 0.324766  161.070303 0.100000    2  6  6
0.318259 0.362576  152.019567 0.100000    2  2  2
0.328299 0.459363   84.077524 0.100000    2  2  2
0.352139 0.562949   77.039509 0.100000    2  2  2
0.550000 0.150000   90.000000 0.100000    6  6  6
0.504194 0.204988  129.794571 0.100000    6  3  3
0.568805 0.284739   50.987037 0.100000    6  6  6
0.511122 0.347181  132.731693 0.100000    6  6  6
0.482118 0.373342  137.949556 0.100000    6  0  0
0.386676 0.455999  139.106259 0.100000    2  2  2
0.390729 0.572837   88.013127 0.100000    2  2  2
0.365732 0.665942  105.028466 0.100000    2  2  2
0.389221 0.778698   78.232656 0.100000    2  3 12
0.389221 0.778698   78.232656 0.100000    2  3 12
0.389221 0.778698   78.232656 0.100000    2  2 12
0.389221 0.778698   78.232656 0.100000    2 12 12
0.398251 0.782231   21.368264 0.100000    2  3 12
0.398251 0.782231   21.368264 0.100000    2  2 12
0.550000 0.150000   90.000000 0.100000    6  6  6
0.488958 0.185516  149.808321 0.100000    6  6  6
0.417417 0.230948  147.582065 0.100000    6 19 19
0.530171 0.197587  -16.482009 0.100000    6  6  6
0.469574 0.230945  151.168059 0.100000    6  6  6
0.432905 0.267423  135.149710 0.100000    6  6  6
0.388556 0.301953  142.095888 0.100000    2  3  3
0.415155 0.424368   77.741013 0.100000    6  7  7
0.550000 0.150000   90.000000 0.100000    6  6  6
0.506678 0.178117  147.015636 0.100000    6  7  7
0.498908 0.244507   96.675065 0.100000    6  5  5
0.402580 0.294087  152.764992 0.100000    6  9  9
0.495575 0.327210   19.604927 0.100000    6  6  6
0.423287 0.386277  140.747347 0.100000    6  8  8
0.476807 0.458118   53.314339 0.100000    6  1  1
0.447207 0.566563  105.266975 0.100000   14 19 19
0.531713 0.494093  -40.615472 0.100000    6  6 12
0.550000 0.150000   90.000000 0.100000    6  6  6
0.514832 0.188223  132.616429 0.100000    6  6  6
0.483912 0.251024  116.213304 0.100000    6  5  5
0.360336 0.305015  156.399300 0.100000    2  1  1
0.306049 0.405960  118.270940 0.100000    2  2  2
0.327369 0.503946   77.724608 0.100000    2 18 18
0.354940 0.435674  -68.009149 0.100000    2  2  2
0.349350 0.557956   92.617342 0.100000    2  6  6
0.308243 0.628828  120.114418 0.100000    2  2  2
0.319854 0.709027   81.762146 0.100000    2  2  2
0.550000 0.150000   90.000000 0.100000    6 11 11
0.488321 0.168925  162.942121 0.100000    6  6  6
0.450318 0.198156  142.433812 0.100000    6  6  6
0.384276 0.229566  154.563680 0.100000    2  2  2
0.362096 0.325915  102.963940 0.100000    2  2  2
0.365244 0.408447   87.815770 0.100000    2  2  2
0.356876 0.533067   93.841423 0.100000    2  2  2
0.333979 0.644814  101.579952 0.100000    2  3  3
0.361521 0.763501   76.935173 0.100000    2  2  2
0.354374 0.884416   93.382825 0.100000    2  2 12
0.354374 0.884416   93.382825 0.100000    2  7  7
0.348943 0.926752   97.310376 0.100000   14 19 19
0.449907 0.897459  -16.178895 0.100000    2  3 12
0.550000 0.150000   90.000000 0.100000    6 20 20
0.440992 0.060479 -140.606104 0.100000    6  6  6
0.391141 0.116202  131.816776 0.100000    2  2  2
0.399148 0.240057   86.300739 0.100000    2  1  1
0.369776 0.326666  108.733429 0.100000    2  2  2
0.356371 0.451512   96.128560 0.100000    2  2  2
0.360664 0.554876   87.621957 0.100000    2 16 16
0.334422 0.490189 -112.081102 0.100000    2 16 16
0.295852 0.418688 -118.343843 0.100000    2  2  2
0.306151 0.516314   83.978157 0.100000    2  2  2
0.317143 0.633408   84.637103 0.100000    2  5  5
0.212313 0.677942  156.983294 0.100000    2  2  2
0.192767 0.755743  104.102450 0.100000    2  2  2
0.195960 0.857152   88.196458 0.100000    2  7  7
0.550000 0.150000   90.000000 0.100000    6 12 12
0.565608 0.132967  -47.498903 0.100000    6  6  6
0.494257 0.180751  146.190054 0.100000    6  6  6
0.452431 0.243483  123.692804 0.100000    6 20 20
0.371594 0.162232 -134.854119 0.100000    2  2  2
0.359575 0.265361   96.647464 0.100000    2  7  7
0.339910 0.334544  105.867657 0.100000    2  2  2
0.353831 0.430574   81.751439 0.100000    2  3  3
0.392740 0.519849   66.450741 0.100000    2  2  2
0.382805 0.615637   95.921198 0.100000    2 20 20
0.290535 0.515430 -132.638829 0.100000    2 20 20
0.550000 0.150000   90.000000 0.100000    6  6  6
0.524319 0.177596  132.940687 0.100000    6 11 11
0.476159 0.194714  160.433118 0.100000    6 11 11
0.445811 0.199375  171.268844 0.100000    6  6  6
0.400905 0.238861  138.674549 0.100000    6 21 21
0.365603 0.137364 -109.178185 0.100000    2  2  2
0.370540 0.251056   87.513252 0.100000    2  3  3
0.426516 0.372988   65.341584 0.100000    6  6  6
0.393004 0.418425  126.410427 0.100000    2  2  2
0.384976 0.502177   95.475411 0.100000    2 12 12
0.377574 0.483576 -111.699357 0.100000    2  2  2
0.388402 0.588759   84.122323 0.100000    2 24 24
0.550000 0.150000   90.000000 0.100000    6  6  6
0.488192 0.198307  141.989902 0.100000    6  6  6
0.439044 0.227326  149.440914 0.100000    6  6  6
0.393230 0.289748  126.276245 0.100000    2  3  3
0.424099 0.404663   74.964019 0.100000    6  6  6
0.351494 0.438981  154.700730 0.100000    2 12 12
0.330072 0.460044  135.485832 0.100000    2  1  1
0.300895 0.557965  106.592156 0.100000    2  2  2
0.310698 0.675581   85.235445 0.100000    2  2  2
0.294937 0.774441   99.058445 0.100000    2  2  2
0.550000 0.150000   90.000000 0.100000    6  6  6
0.517258 0.187850  130.861632 0.100000    6  6  6
0.477626 0.239947  127.261576 0.100000    6  6  6
0.448291 0.287470  121.685353 0.100000    6 24 24
0.564149 0.174788  -44.204090 0.100000    6  6  6
0.536477 0.244498  111.650721 0.100000    6  6  6
0.474669 0.305693  135.285519 0.100000    6  6  6
0.406954 0.346775  148.755478 0.100000    6  6  6
0.375820 0.397944  121.318790 0.100000    2  2  2
0.374198 0.519322   90.765478 0.100000    2  2  2
0.550000 0.150000   90.000000 0.100000    6  6  6
0.495480 0.175702  154.759686 0.100000    6  6  6
0.464492 0.237844  116.503404 0.100000    6  6  6
0.434996 0.295262  117.190240 0.100000    6  6  6
0.383552 0.358997  128.908814 0.100000    2  8  8
0.442049 0.389752   27.733191 0.100000    6  6  6
0.395173 0.457775  124.571255 0.100000    2  7  7
0.377020 0.484556  124.130546 0.100000    2  2  2
0.359771 0.572006  101.158036 0.100000    2 16 16
0.295692 0.519161 -140.488327 0.100000    2 22 22
0.288583 0.441523  -95.231907 0.100000    2  2  2
0.268199 0.522848  104.070951 0.100000    2  2  2
0.269591 0.642035   89.331162 0.100000    2  5  5
0.550000 0.150000   90.000000 0.100000    6  6  6
0.511962 0.176430  145.207381 0.100000    6  6  6
0.439223 0.222889  147.433243 0.100000    6  6  6
0.402424 0.286429  120.077273 0.100000    6  6  6
0.342361 0.335422  140.796307 0.100000    2 18 18
0.388705 0.282981  -48.532005 0.100000    2  2  2
0.395901 0.378621   85.696990 0.100000    2  2  2
0.387250 0.502121   94.006809 0.100000    2  2  2
0.390835 0.612656   88.142457 0.100000    2  2  2
0.384538 0.724598   93.219612 0.100000    2  8  8
0.434857 0.750946   27.637566 0.100000    2 18 18
0.460342 0.713734  -55.594123 0.100000    2  2 12
0.460342 0.713734  -55.594123 0.100000    2  4 12
0.460342 0.713734  -55.594123 0.100000    2  7 12
0.550000 0.150000   90.000000 0.100000    6  6  6
0.503186 0.179412  147.860445 0.100000    6  6  6
0.439948 0.223201  145.299136 0.100000    6  6  6
0.400254 0.280213  124.846902 0.100000    6  1  1
0.370292 0.376192  107.336829 0.100000    2  2  2
0.361504 0.480791   94.802527 0.100000    2 20 20
0.273135 0.381093 -131.552589 0.100000    2  4  4
0.349967 0.463496   47.004027 0.100000    2  2  2
0.374580 0.581375   78.206052 0.100000    2  2  2
0.383514 0.672605   84.406908 0.100000    2  2  2
0.395855 0.761825   82.124845 0.100000    2  2 12
0.395855 0.761825   82.124845 0.100000    2 18 18
0.550000 0.150000   90.000000 0.100000    6  2  2
0.539838 0.235235   96.799030 0.100000    6  6  6
0.500093 0.299686  121.660463 0.100000    6  6  6
0.455828 0.361283  125.702119 0.100000    6  6  6
0.420614 0.407053  127.573315 0.100000    6  6  6
0.386960 0.470365  117.993424 0.100000    2  1  1
0.321739 0.570631  123.043155 0.100000    2  2  2
0.311559 0.652591   97.080707 0.100000    2  2  2
0.311713 0.772430   89.926250 0.100000    2  2  2
0.550000 0.150000   90.000000 0.100000    6  6  6
0.489974 0.220036  130.598862 0.100000    6  6  6
0.431279 0.257609  147.375186 0.100000    6  6  6
0.376374 0.324981  129.178391 0.100000    2  0  0
0.268400 0.443088  132.433845 0.100000    2  5  5
0.169713 0.481348  158.809081 0.100000    2  2  2
0.186619 0.580829   80.355210 0.100000    2  2  2
0.166178 0.666689  103.391450 0.100000    2  2  2
0.550000 0.150000   90.000000 0.100000    6  6  6
0.475841 0.200606  145.690584 0.100000    6  5  5
0.382737 0.230002  162.477321 0.100000    2  2  2
0.383246 0.341407   89.738595 0.100000    2  2  2
0.366826 0.424694  101.152639 0.100000    2  2  2
0.386874 0.531782   79.396599 0.100000    2  1  1
0.331488 0.628220  119.869061 0.100000    2  2  2
0.348860 0.730460   80.357124 0.100000    2  2  2
0.336004 0.840660   96.653615 0.100000    2  2  2
0.333743 0.918105   91.672471 0.100000   14 14 14
0.550000 0.150000   90.000000 0.100000    6  6  6
0.508812 0.210839  124.098261 0.100000    6  6  6
0.458396 0.268383  131.222295 0.100000    6 11 11
0.423020 0.286548  152.820968 0.100000    6  6  6
0.388721 0.338244  123.563021 0.100000    2  2  2
0.394583 0.462838   87.306392 0.100000    2  6  6
0.323381 0.533606  135.175226 0.100000    2  2  2
0.307873 0.631240   99.025093 0.100000    2  2  2
0.298046 0.731685   95.587751 0.100000    2  2  2
0.303927 0.834665   86.731294 0.100000    2  2  2
0.311056 0.921331   85.297492 0.100000   14 14 14
0.392407 0.913681   -5.372066 0.100000   14  5 12
0.392407 0.913681   -5.372066 0.100000   14 14 12
0.392407 0.913681   -5.372066 0.100000   14 19 19
0.468937 0.853657  -38.108151 0.100000    2  2 12
0.550000 0.150000   90.000000 0.100000    6 11 11
0.500963 0.169880  157.932148 0.100000    6  6  6
0.472948 0.238488  112.211422 0.100000    6  1  1
0.419974 0.321213  122.634180 0.100000    6  6  6
0.383483 0.353159  138.799466 0.100000    2 19 19
0.469523 0.303605  -29.939206 0.100000    6  4  4
0.566576 0.381595   38.784655 0.100000    6 16 16
0.513426 0.354802 -153.247676 0.100000    6  0  0
0.407369 0.433233  143.516898 0.100000    6  7  7
0.403951 0.494216   93.208013 0.100000    6  6  6
0.337757 0.568481  131.711162 0.100000    2  2  2
0.348285 0.647830   82.441550 0.100000    2  3  3
0.395866 0.758826   66.796478 0.100000    2  5  5
0.308763 0.787566  161.739637 0.100000    2  2  2
0.329692 0.881248   77.406142 0.100000    2  1 12
0.329692 0.881248   77.406142 0.100000    2  2 12
0.550000 0.150000   90.000000 0.100000    6  6  6
0.515564 0.185166  134.399302 0.100000    6 16 16
0.454163 0.140552 -143.997299 0.100000    6  6  6
0.406299 0.178540  141.562001 0.100000    6  6  6
0.345943 0.241648  133.723561 0.100000    2  2  2
0.330992 0.351899   97.722650 0.100000    2  2  2
0.329755 0.435601   90.846474 0.100000    2  3  3
0.377956 0.515976   59.049034 0.100000    2 20 20
0.302168 0.408021 -125.069966 0.100000    2  1  1
0.272244 0.491336  109.756839 0.100000    2  2  2
0.248112 0.604832  102.003938 0.100000    2  2  2
0.234416 0.721464   96.697154 0.100000    2  2  2
0.550000 0.150000   90.000000 0.100000    6  6  6
0.511778 0.218363  119.210019 0.100000    6  7  7
0.507167 0.261544   96.094287 0.100000    6  6  6
0.448603 0.332599  129.495502 0.100000    6  1  1
0.406398 0.409379  118.796986 0.100000    6  6  6
0.356620 0.476346  126.624472 0.100000    2  6  6
0.300185 0.534384  134.197500 0.100000    2  2  2
0.323775 0.627712   75.814737 0.100000    2  2  2
0.550000 0.150000   90.000000 0.100000    6  6  6
0.493020 0.177494  154.241440 0.100000    6  6  6
0.425594 0.233216  140.429565 0.100000    6 11 11
0.396171 0.237031  172.612084 0.100000    2  2  2
0.387016 0.339494   95.105860 0.100000    2  3  3
0.414471 0.426012   72.394317 0.100000    6  6  6
0.367329 0.480329  130.954366 0.100000    2  1  1
0.311074 0.586357  117.949082 0.100000    2  7  7
0.319076 0.614918   74.348088 0.100000    2  2  2
0.321575 0.705643   88.422465 0.100000    2  2  2
0.550000 0.150000   90.000000 0.100000    6 11 11
0.509780 0.169412  154.235794 0.100000    6  7  7
0.533702 0.235443   70.085018 0.100000    6  6  6
0.483200 0.306556  125.380848 0.100000    6  0  0
0.377998 0.394556  140.087886 0.100000    2  3  3
0.438113 0.470615   51.677931 0.100000    6  6  6
0.398032 0.519101  129.578711 0.100000    2 22 22
0.394461 0.433686  -92.394239 0.100000    2  2  2
0.390386 0.548163   92.038572 0.100000    2  2 12
0.390386 0.548163   92.038572 0.100000    2  2  2
0.550000 0.150000   90.000000 0.100000    6  6  6
0.488891 0.182717  151.836120 0.100000    6  6  6
0.449795 0.238159  125.189900 0.100000    6 12 12
0.436604 0.218243 -123.519128 0.100000    6 15 15
0.333742 0.170869 -155.271129 0.100000    2  2  2
0.350494 0.279532   81.235914 0.100000    2  2  2
0.357180 0.399681   86.814765 0.100000    2  5  5
0.278888 0.463959  140.614112 0.100000    2  3  3
0.345057 0.540606   49.196254 0.100000    2  5  5
0.236704 0.575319  162.236378 0.100000    2  2  2
0.220525 0.654439  101.557015 0.100000    2  2  2
0.234400 0.776795   83.529966 0.100000    2  3  3
0.550000 0.150000   90.000000 0.100000    6  1  1
0.484968 0.242142  125.213659 0.100000    6  6  6
0.456312 0.306956  113.851346 0.100000    6  6  6
0.411580 0.373047  124.091622 0.100000    6 16 16
0.360567 0.301494 -125.486643 0.100000    2  1  1
0.303933 0.378851  126.208050 0.100000    2  1  1
0.263798 0.472132  113.280380 0.100000    2  2  2
0.274470 0.579907   84.344977 0.100000    2  3  3
0.347037 0.683564   55.005032 0.100000    2  8  8
0.550000 0.150000   90.000000 0.100000    6  2  2
0.546297 0.226319   92.777635 0.100000    6 12 12
0.552149 0.203968  -75.328836 0.100000    6 19 19
0.644654 0.160278  -25.281016 0.100000    6 12 12
0.641294 0.151345 -110.615803 0.100000    6  6  6
0.572460 0.191179  149.942549 0.100000    6  6  6
0.510895 0.263052  130.582420 0.100000    6 10 10
0.386336 0.279320  172.558939 0.100000    2 15 15
0.261349 0.206023 -149.610897 0.100000    2  2  2
0.550000 0.150000   90.000000 0.100000    6 10 10
0.456766 0.170068  167.852623 0.100000    6  6  6
0.419796 0.227540  122.752059 0.100000    6  6  6
0.371885 0.294518  125.577289 0.100000    2  2  2
0.391398 0.392210   78.704439 0.100000    2  2  2
0.398514 0.483052   85.520976 0.100000    2  3  3
0.471658 0.568467   49.425284 0.100000   14 14 14
0.573208 0.588351   11.079055 0.100000   14 14 14
0.658989 0.574164   -9.391328 0.100000   14 14 14
0.777840 0.552371  -10.390312 0.100000    2  0 12
0.777840 0.552371  -10.390312 0.100000    2  2  2
0.768876 0.659745   94.772152 0.100000    2  2  2
0.550000 0.150000   90.000000 0.100000    6  6  6
0.488315 0.204528  138.524278 0.100000    6  0  0
0.394188 0.287532  138.593024 0.100000    2  3  3
0.462434 0.373910   51.688098 0.100000    6  5  5
0.386909 0.406478  156.673124 0.100000    2  2  2
0.404865 0.495619   78.611369 0.100000    6  7  7
0.383878 0.527504  123.353322 0.100000    2  2  2
0.359515 0.614241  105.688856 0.100000    2  2  2
0.550000 0.150000   90.000000 0.100000    6  1  1
0.524845 0.248001  104.396015 0.100000    6  6  6
0.476514 0.304752  130.418722 0.100000    6  5  5
0.390931 0.335611  160.171887 0.100000    2  2  2
0.387384 0.433766   92.069043 0.100000    2  2  2
0.368363 0.556242   98.827802 0.100000    2  2  2
0.363130 0.633063   93.896820 0.100000    2  2  2
0.352348 0.732244   96.204348 0.100000    2 12 12
0.347569 0.739508  123.342123 0.100000    2  3  3
0.388150 0.844231   68.818409 0.100000    2  9 12
0.550000 0.150000   90.000000 0.100000    6  5  5
0.439376 0.204641  153.713672 0.100000    6  6  6
0.397637 0.278380  119.511169 0.100000    2  2  2
0.377653 0.353706  104.858191 0.100000    2  1  1
0.340939 0.436949  113.799721 0.100000    2  2  2
0.355724 0.528315   80.808117 0.100000    2  8  8
0.399078 0.588946   54.433459 0.100000    2  2 12
0.399078 0.588946   54.433459 0.100000    2  3 12
0.550000 0.150000   90.000000 0.100000    6  6  6
0.522508 0.185555  127.711559 0.100000    6  6  6
0.459967 0.212506  156.687326 0.100000    6 12 12
0.463625 0.215693   41.065455 0.100000    6 11 11
0.430396 0.196388 -149.844057 0.100000    6  6  6
0.386711 0.236774  137.247494 0.100000    2  2  2
0.403448 0.337083   80.527141 0.100000    6  1  1
0.360568 0.433323  114.015512 0.100000    2  1  1
0.328615 0.540771  106.561628 0.100000    2  2  2
0.317687 0.652391   95.591608 0.100000    2  2  2
0.319345 0.765170   89.157864 0.100000    2  2  2
0.330255 0.870010   84.059025 0.100000    2  2  2
0.343728 0.978170   82.899423 0.100000   14 10 12
0.550000 0.150000   90.000000 0.100000    6  6  6
0.480010 0.213685  137.700506 0.100000    6  1  1
0.439117 0.292889  117.307380 0.100000    6  2  2
0.426643 0.380939   98.063149 0.100000    6 10 10
0.305266 0.382566  179.231734 0.100000    2  3  3
0.369659 0.471448   54.077386 0.100000    2  2  2
0.365749 0.558851   92.561596 0.100000    2  2  2
0.355802 0.650462   96.197091 0.100000    2  2  2
0.365370 0.725962   82.777165 0.100000    2  2  2
0.351033 0.828380   97.969104 0.100000    2  7  7
0.366363 0.871710   70.515843 0.100000    2  2  2
0.367533 0.987637   89.421749 0.100000   14 24 24
0.452883 0.875057  -52.833368 0.100000    2  2 12
0.550000 0.150000   90.000000 0.100000    6  1  1
0.515392 0.272037  105.832472 0.100000    6  5  5
0.412608 0.304581  162.431132 0.100000    6 11 11
0.381907 0.288807 -152.806160 0.100000    2  2  2
0.381702 0.373551   90.138359 0.100000    2  5  5
0.298849 0.398903  162.987020 0.100000    2  2  2
0.276567 0.481691  105.063780 0.100000    2  2  2
0.262242 0.598333   97.001411 0.100000    2  2  2
0.258521 0.704488   92.007480 0.100000    2 10 10
0.550000 0.150000   90.000000 0.100000    6  6  6
0.494158 0.196785  140.043536 0.100000    6  7  7
0.495529 0.234944   87.942418 0.100000    6  7  7
0.497332 0.289399   88.103547 0.100000    6 11 11
0.433102 0.291548  178.083611 0.100000    6  6  6
0.384366 0.318353  151.189064 0.100000    2  2  2
0.398454 0.440818   83.437518 0.100000    2 24 24
0.502073 0.330117  -46.892801 0.100000    6  6  6
0.460093 0.388417  125.756138 0.100000    6  6  6
